

0105000329ABD91600557F01CBD0990735F087000000000107140108130E3B000202000B000301110000040006589F02090458C038480062CC
1407010101 01 
1407010102 02 
1407010103 03
1407010103 03
1407010103 03
1407010103 03
1407010103 03
1407010103 03
1407010103 03
1407010103 03
1407010103 03
1407010103 03
1407010103 03
1407010103 03
1407010103 03
1407010103 03
1407010103 03
1407010103 03
1407010103 03
1407010103 03
1407010103 03
1407010103 03
1407010103 03
1407010103 03
1407010103 03
1407010103 03
1407010103 03
1407010103 03
1407010103 03
1407010103 03
1407010103 03
1407010103 03
1407010103 03
1407010103 03
1407010103 03
1407010103 03
1407010103 03
1407010103 03
1407010103 03
1407010103 03
1407010103 03
1407010103 03
1407010103 03
1407010103 03
1407010103 03
1407010103 03
1407010103 03
1407010103 03
1407010103 03
1407010103 03
1407010103 03
1407010103 03
1407010103 03
1407010103 03
1407010103 03
1407010103 03
1407010103 03
1407010103 03
1407010103 03
1407010103 03
1407010103 03
1407010103 03
1407010103 03
1407010103 03
1407010103 03
1407010103 03
1407010103 03
1407010103 03
1407010103 03
1407010103 03
1407010103 03
1407010103 03
1407010103 03
1407010103 03
1407010103 03
1407010103 03
1407010103 03
1407010103 03
1407010103 03
1407010103 03
1407010103 03
1407010103 03
1407010103 03
1407010103 03
1407010103 03
1407010103 03
1407010103 03
1407010103 03
1407010103 03
1407010103 03
1407010103 03
1407010103 03
1407010103 03
1407010103 03
1407010103 03
1407010103 03
1407010103 03
1407010103 03
1407010103 03
1407010103 03
1407010103 03
1407010103 03
1407010103 03
1407010103 03
1407010103 03
1407010103 03
1407010103 03
1407010103 03
1407010103 03
1407010103 03
1407010103 03
1407010103 03
1407010103 03
1407010103 03
1407010103 03
1407010103 03
1407010103 03
1407010103 03
1407010103 03
1407010103 03